Outro
CPF
RG
DNV
NIS/PIS/PASEP